#----------------------------------
#filename:    180sec_2chan_6kHz_pm_4kHz_FM_4Hz_Trigger1Hz.mdat
#flipper:     0
#temperature: 4.2
#voltage:     5000
#num of bins: 1000
#----------------------------------
#
# first time stamp (ns): 746795827200
#  last time stamp (ns): 925985277200
# => lenth of measurement (ns): 179189450000
#  -------
# | Histo:|
#  -------
# left edge (ns) | mid point (ns) | right egde (ns) | counts 
       0.000,   500054.062,  1000108.125,            0 
 1000108.125,  1500162.188,  2000216.250,            0 
 2000216.250,  2500270.250,  3000324.250,            0 
 3000324.250,  3500378.375,  4000432.500,            0 
 4000432.500,  4500486.500,  5000540.500,            0 
 5000540.500,  5500594.500,  6000648.500,            0 
 6000648.500,  6500702.500,  7000756.500,            0 
 7000756.500,  7500810.750,  8000865.000,            0 
 8000865.000,  8500919.000,  9000973.000,            0 
 9000973.000,  9501027.000, 10001081.000,            0 
10001081.000, 10501135.000, 11001189.000,            0 
11001189.000, 11501243.000, 12001297.000,            0 
12001297.000, 12501351.000, 13001405.000,            0 
13001405.000, 13501459.000, 14001513.000,            0 
14001513.000, 14501567.000, 15001621.000,            0 
15001621.000, 15501675.500, 16001730.000,            0 
16001730.000, 16501784.000, 17001838.000,            0 
17001838.000, 17501892.000, 18001946.000,            0 
18001946.000, 18502000.000, 19002054.000,            0 
19002054.000, 19502108.000, 20002162.000,            0 
20002162.000, 20502216.000, 21002270.000,            0 
21002270.000, 21502324.000, 22002378.000,            0 
22002378.000, 22502432.000, 23002486.000,            0 
23002486.000, 23502540.000, 24002594.000,            0 
24002594.000, 24502648.000, 25002702.000,            0 
25002702.000, 25502756.000, 26002810.000,            0 
26002810.000, 26502864.000, 27002918.000,            0 
27002918.000, 27502972.000, 28003026.000,            0 
28003026.000, 28503080.000, 29003134.000,            0 
29003134.000, 29503188.000, 30003242.000,            0 
30003242.000, 30503296.000, 31003350.000,            0 
31003350.000, 31503405.000, 32003460.000,            0 
32003460.000, 32503514.000, 33003568.000,            0 
33003568.000, 33503622.000, 34003676.000,            0 
34003676.000, 34503730.000, 35003784.000,            0 
35003784.000, 35503838.000, 36003892.000,            0 
36003892.000, 36503946.000, 37004000.000,            0 
37004000.000, 37504054.000, 38004108.000,            0 
38004108.000, 38504162.000, 39004216.000,            0 
39004216.000, 39504270.000, 40004324.000,            0 
40004324.000, 40504378.000, 41004432.000,            0 
41004432.000, 41504486.000, 42004540.000,            0 
42004540.000, 42504594.000, 43004648.000,            0 
43004648.000, 43504702.000, 44004756.000,            0 
44004756.000, 44504810.000, 45004864.000,            0 
45004864.000, 45504918.000, 46004972.000,            0 
46004972.000, 46505026.000, 47005080.000,            0 
47005080.000, 47505134.000, 48005188.000,            0 
48005188.000, 48505242.000, 49005296.000,            0 
49005296.000, 49505350.000, 50005404.000,            0 
50005404.000, 50505458.000, 51005512.000,            0 
51005512.000, 51505566.000, 52005620.000,            0 
52005620.000, 52505674.000, 53005728.000,            0 
53005728.000, 53505782.000, 54005836.000,            0 
54005836.000, 54505890.000, 55005944.000,            0 
55005944.000, 55505998.000, 56006052.000,            0 
56006052.000, 56506106.000, 57006160.000,            0 
57006160.000, 57506214.000, 58006268.000,            0 
58006268.000, 58506322.000, 59006376.000,            0 
59006376.000, 59506430.000, 60006484.000,            0 
60006484.000, 60506538.000, 61006592.000,            0 
61006592.000, 61506646.000, 62006700.000,            0 
62006700.000, 62506756.000, 63006812.000,            0 
63006812.000, 63506866.000, 64006920.000,            0 
64006920.000, 64506974.000, 65007028.000,            0 
65007028.000, 65507082.000, 66007136.000,            0 
66007136.000, 66507190.000, 67007244.000,            0 
67007244.000, 67507298.000, 68007352.000,            0 
68007352.000, 68507404.000, 69007456.000,            0 
69007456.000, 69507512.000, 70007568.000,            0 
70007568.000, 70507620.000, 71007672.000,            0 
71007672.000, 71507728.000, 72007784.000,            0 
72007784.000, 72507836.000, 73007888.000,            0 
73007888.000, 73507944.000, 74008000.000,            0 
74008000.000, 74508052.000, 75008104.000,            0 
75008104.000, 75508160.000, 76008216.000,            0 
76008216.000, 76508268.000, 77008320.000,            0 
77008320.000, 77508376.000, 78008432.000,            0 
78008432.000, 78508484.000, 79008536.000,            0 
79008536.000, 79508592.000, 80008648.000,            0 
80008648.000, 80508700.000, 81008752.000,            0 
81008752.000, 81508808.000, 82008864.000,            0 
82008864.000, 82508916.000, 83008968.000,            0 
83008968.000, 83509024.000, 84009080.000,            0 
84009080.000, 84509136.000, 85009192.000,            0 
85009192.000, 85509244.000, 86009296.000,            0 
86009296.000, 86509352.000, 87009408.000,            0 
87009408.000, 87509460.000, 88009512.000,            0 
88009512.000, 88509568.000, 89009624.000,            0 
89009624.000, 89509676.000, 90009728.000,            0 
90009728.000, 90509784.000, 91009840.000,            0 
91009840.000, 91509892.000, 92009944.000,            0 
92009944.000, 92510000.000, 93010056.000,            0 
93010056.000, 93510108.000, 94010160.000,            0 
94010160.000, 94510216.000, 95010272.000,            0 
95010272.000, 95510324.000, 96010376.000,            0 
96010376.000, 96510432.000, 97010488.000,            0 
97010488.000, 97510540.000, 98010592.000,            0 
98010592.000, 98510648.000, 99010704.000,            0 
99010704.000, 99510756.000, 100010808.000,            0 
100010808.000, 100510864.000, 101010920.000,            0 
101010920.000, 101510972.000, 102011024.000,            0 
102011024.000, 102511080.000, 103011136.000,            0 
103011136.000, 103511188.000, 104011240.000,            0 
104011240.000, 104511296.000, 105011352.000,            0 
105011352.000, 105511404.000, 106011456.000,            0 
106011456.000, 106511512.000, 107011568.000,            0 
107011568.000, 107511620.000, 108011672.000,            0 
108011672.000, 108511728.000, 109011784.000,            0 
109011784.000, 109511836.000, 110011888.000,            0 
110011888.000, 110511944.000, 111012000.000,            0 
111012000.000, 111512052.000, 112012104.000,            0 
112012104.000, 112512160.000, 113012216.000,            0 
113012216.000, 113512268.000, 114012320.000,            0 
114012320.000, 114512376.000, 115012432.000,            0 
115012432.000, 115512484.000, 116012536.000,            0 
116012536.000, 116512592.000, 117012648.000,            0 
117012648.000, 117512700.000, 118012752.000,            0 
118012752.000, 118512808.000, 119012864.000,            0 
119012864.000, 119512916.000, 120012968.000,            0 
120012968.000, 120513024.000, 121013080.000,            0 
121013080.000, 121513132.000, 122013184.000,            0 
122013184.000, 122513240.000, 123013296.000,            0 
123013296.000, 123513348.000, 124013400.000,            0 
124013400.000, 124513456.000, 125013512.000,            0 
125013512.000, 125513568.000, 126013624.000,            0 
126013624.000, 126513676.000, 127013728.000,            0 
127013728.000, 127513784.000, 128013840.000,            0 
128013840.000, 128513892.000, 129013944.000,            0 
129013944.000, 129514000.000, 130014056.000,            0 
130014056.000, 130514108.000, 131014160.000,            0 
131014160.000, 131514216.000, 132014272.000,            0 
132014272.000, 132514324.000, 133014376.000,            0 
133014376.000, 133514432.000, 134014488.000,            0 
134014488.000, 134514540.000, 135014592.000,            0 
135014592.000, 135514648.000, 136014704.000,            0 
136014704.000, 136514760.000, 137014816.000,            0 
137014816.000, 137514864.000, 138014912.000,            0 
138014912.000, 138514968.000, 139015024.000,            0 
139015024.000, 139515080.000, 140015136.000,            0 
140015136.000, 140515192.000, 141015248.000,            0 
141015248.000, 141515296.000, 142015344.000,            0 
142015344.000, 142515400.000, 143015456.000,            0 
143015456.000, 143515512.000, 144015568.000,            0 
144015568.000, 144515624.000, 145015680.000,            0 
145015680.000, 145515728.000, 146015776.000,            0 
146015776.000, 146515832.000, 147015888.000,            0 
147015888.000, 147515944.000, 148016000.000,            0 
148016000.000, 148516056.000, 149016112.000,            0 
149016112.000, 149516160.000, 150016208.000,            0 
150016208.000, 150516264.000, 151016320.000,            0 
151016320.000, 151516376.000, 152016432.000,            0 
152016432.000, 152516488.000, 153016544.000,            0 
153016544.000, 153516592.000, 154016640.000,            0 
154016640.000, 154516696.000, 155016752.000,            0 
155016752.000, 155516808.000, 156016864.000,            0 
156016864.000, 156516920.000, 157016976.000,            0 
157016976.000, 157517024.000, 158017072.000,            0 
158017072.000, 158517128.000, 159017184.000,            0 
159017184.000, 159517240.000, 160017296.000,            0 
160017296.000, 160517352.000, 161017408.000,            0 
161017408.000, 161517456.000, 162017504.000,            0 
162017504.000, 162517560.000, 163017616.000,            0 
163017616.000, 163517672.000, 164017728.000,            0 
164017728.000, 164517784.000, 165017840.000,            0 
165017840.000, 165517888.000, 166017936.000,            0 
166017936.000, 166517992.000, 167018048.000,            0 
167018048.000, 167518104.000, 168018160.000,            0 
168018160.000, 168518216.000, 169018272.000,            0 
169018272.000, 169518328.000, 170018384.000,            0 
170018384.000, 170518432.000, 171018480.000,            0 
171018480.000, 171518536.000, 172018592.000,            0 
172018592.000, 172518648.000, 173018704.000,            0 
173018704.000, 173518760.000, 174018816.000,            0 
174018816.000, 174518864.000, 175018912.000,            0 
175018912.000, 175518968.000, 176019024.000,            0 
176019024.000, 176519080.000, 177019136.000,            0 
177019136.000, 177519192.000, 178019248.000,            0 
178019248.000, 178519296.000, 179019344.000,            0 
179019344.000, 179519400.000, 180019456.000,            0 
180019456.000, 180519512.000, 181019568.000,            0 
181019568.000, 181519624.000, 182019680.000,            0 
182019680.000, 182519728.000, 183019776.000,            0 
183019776.000, 183519832.000, 184019888.000,            0 
184019888.000, 184519944.000, 185020000.000,            0 
185020000.000, 185520056.000, 186020112.000,            0 
186020112.000, 186520160.000, 187020208.000,            0 
187020208.000, 187520264.000, 188020320.000,            0 
188020320.000, 188520376.000, 189020432.000,            0 
189020432.000, 189520488.000, 190020544.000,            0 
190020544.000, 190520592.000, 191020640.000,            0 
191020640.000, 191520696.000, 192020752.000,            0 
192020752.000, 192520808.000, 193020864.000,            0 
193020864.000, 193520920.000, 194020976.000,            0 
194020976.000, 194521024.000, 195021072.000,            0 
195021072.000, 195521128.000, 196021184.000,            0 
196021184.000, 196521240.000, 197021296.000,            0 
197021296.000, 197521352.000, 198021408.000,            0 
198021408.000, 198521456.000, 199021504.000,            0 
199021504.000, 199521560.000, 200021616.000,            0 
200021616.000, 200521672.000, 201021728.000,            0 
201021728.000, 201521784.000, 202021840.000,            0 
202021840.000, 202521888.000, 203021936.000,            0 
203021936.000, 203521992.000, 204022048.000,            0 
204022048.000, 204522104.000, 205022160.000,            0 
205022160.000, 205522216.000, 206022272.000,            0 
206022272.000, 206522320.000, 207022368.000,            0 
207022368.000, 207522424.000, 208022480.000,            0 
208022480.000, 208522536.000, 209022592.000,            0 
209022592.000, 209522648.000, 210022704.000,            0 
210022704.000, 210522760.000, 211022816.000,            0 
211022816.000, 211522864.000, 212022912.000,            0 
212022912.000, 212522968.000, 213023024.000,            0 
213023024.000, 213523080.000, 214023136.000,            0 
214023136.000, 214523192.000, 215023248.000,            0 
215023248.000, 215523296.000, 216023344.000,            0 
216023344.000, 216523400.000, 217023456.000,            0 
217023456.000, 217523512.000, 218023568.000,            0 
218023568.000, 218523624.000, 219023680.000,            0 
219023680.000, 219523728.000, 220023776.000,            0 
220023776.000, 220523832.000, 221023888.000,            0 
221023888.000, 221523944.000, 222024000.000,            0 
222024000.000, 222524056.000, 223024112.000,            0 
223024112.000, 223524160.000, 224024208.000,            0 
224024208.000, 224524264.000, 225024320.000,            0 
225024320.000, 225524376.000, 226024432.000,            0 
226024432.000, 226524488.000, 227024544.000,            0 
227024544.000, 227524592.000, 228024640.000,            0 
228024640.000, 228524696.000, 229024752.000,            0 
229024752.000, 229524808.000, 230024864.000,            0 
230024864.000, 230524920.000, 231024976.000,            0 
231024976.000, 231525024.000, 232025072.000,            0 
232025072.000, 232525128.000, 233025184.000,            0 
233025184.000, 233525240.000, 234025296.000,            0 
234025296.000, 234525352.000, 235025408.000,            0 
235025408.000, 235525456.000, 236025504.000,            0 
236025504.000, 236525560.000, 237025616.000,            0 
237025616.000, 237525672.000, 238025728.000,            0 
238025728.000, 238525784.000, 239025840.000,            0 
239025840.000, 239525888.000, 240025936.000,            0 
240025936.000, 240525992.000, 241026048.000,            0 
241026048.000, 241526104.000, 242026160.000,            0 
242026160.000, 242526216.000, 243026272.000,            0 
243026272.000, 243526320.000, 244026368.000,            0 
244026368.000, 244526424.000, 245026480.000,            0 
245026480.000, 245526536.000, 246026592.000,            0 
246026592.000, 246526648.000, 247026704.000,            0 
247026704.000, 247526752.000, 248026800.000,            0 
248026800.000, 248526856.000, 249026912.000,            0 
249026912.000, 249526968.000, 250027024.000,            0 
250027024.000, 250527080.000, 251027136.000,            0 
251027136.000, 251527192.000, 252027248.000,            0 
252027248.000, 252527296.000, 253027344.000,            0 
253027344.000, 253527400.000, 254027456.000,            0 
254027456.000, 254527512.000, 255027568.000,            0 
255027568.000, 255527624.000, 256027680.000,            0 
256027680.000, 256527728.000, 257027776.000,            0 
257027776.000, 257527832.000, 258027888.000,            0 
258027888.000, 258527944.000, 259028000.000,            0 
259028000.000, 259528056.000, 260028112.000,            0 
260028112.000, 260528160.000, 261028208.000,            0 
261028208.000, 261528264.000, 262028320.000,            0 
262028320.000, 262528376.000, 263028432.000,            0 
263028432.000, 263528488.000, 264028544.000,            0 
264028544.000, 264528592.000, 265028640.000,            0 
265028640.000, 265528696.000, 266028752.000,            0 
266028752.000, 266528808.000, 267028864.000,            0 
267028864.000, 267528920.000, 268028976.000,            0 
268028976.000, 268529032.000, 269029088.000,            0 
269029088.000, 269529136.000, 270029184.000,            0 
270029184.000, 270529232.000, 271029280.000,            0 
271029280.000, 271529344.000, 272029408.000,            0 
272029408.000, 272529456.000, 273029504.000,            0 
273029504.000, 273529568.000, 274029632.000,            0 
274029632.000, 274529680.000, 275029728.000,            0 
275029728.000, 275529776.000, 276029824.000,            0 
276029824.000, 276529888.000, 277029952.000,            0 
277029952.000, 277530000.000, 278030048.000,            0 
278030048.000, 278530096.000, 279030144.000,            0 
279030144.000, 279530208.000, 280030272.000,            0 
280030272.000, 280530320.000, 281030368.000,            0 
281030368.000, 281530432.000, 282030496.000,            0 
282030496.000, 282530544.000, 283030592.000,            0 
283030592.000, 283530640.000, 284030688.000,            0 
284030688.000, 284530752.000, 285030816.000,            0 
285030816.000, 285530864.000, 286030912.000,            0 
286030912.000, 286530960.000, 287031008.000,            0 
287031008.000, 287531072.000, 288031136.000,            0 
288031136.000, 288531184.000, 289031232.000,            0 
289031232.000, 289531296.000, 290031360.000,            0 
290031360.000, 290531408.000, 291031456.000,            0 
291031456.000, 291531504.000, 292031552.000,            0 
292031552.000, 292531616.000, 293031680.000,            0 
293031680.000, 293531728.000, 294031776.000,            0 
294031776.000, 294531840.000, 295031904.000,            0 
295031904.000, 295531952.000, 296032000.000,            0 
296032000.000, 296532048.000, 297032096.000,            0 
297032096.000, 297532160.000, 298032224.000,            0 
298032224.000, 298532272.000, 299032320.000,            0 
299032320.000, 299532368.000, 300032416.000,            0 
300032416.000, 300532480.000, 301032544.000,            0 
301032544.000, 301532592.000, 302032640.000,            0 
302032640.000, 302532704.000, 303032768.000,            0 
303032768.000, 303532816.000, 304032864.000,            0 
304032864.000, 304532912.000, 305032960.000,            0 
305032960.000, 305533024.000, 306033088.000,            0 
306033088.000, 306533136.000, 307033184.000,            0 
307033184.000, 307533232.000, 308033280.000,            0 
308033280.000, 308533344.000, 309033408.000,            0 
309033408.000, 309533456.000, 310033504.000,            0 
310033504.000, 310533568.000, 311033632.000,            0 
311033632.000, 311533680.000, 312033728.000,            0 
312033728.000, 312533776.000, 313033824.000,            0 
313033824.000, 313533888.000, 314033952.000,            0 
314033952.000, 314534000.000, 315034048.000,            0 
315034048.000, 315534096.000, 316034144.000,            0 
316034144.000, 316534208.000, 317034272.000,            0 
317034272.000, 317534320.000, 318034368.000,            0 
318034368.000, 318534432.000, 319034496.000,            0 
319034496.000, 319534544.000, 320034592.000,            0 
320034592.000, 320534640.000, 321034688.000,            0 
321034688.000, 321534752.000, 322034816.000,            0 
322034816.000, 322534864.000, 323034912.000,            0 
323034912.000, 323534960.000, 324035008.000,            0 
324035008.000, 324535072.000, 325035136.000,            0 
325035136.000, 325535184.000, 326035232.000,            0 
326035232.000, 326535296.000, 327035360.000,            0 
327035360.000, 327535408.000, 328035456.000,            0 
328035456.000, 328535504.000, 329035552.000,            0 
329035552.000, 329535616.000, 330035680.000,            0 
330035680.000, 330535728.000, 331035776.000,            0 
331035776.000, 331535824.000, 332035872.000,            0 
332035872.000, 332535936.000, 333036000.000,            0 
333036000.000, 333536048.000, 334036096.000,            0 
334036096.000, 334536160.000, 335036224.000,            0 
335036224.000, 335536272.000, 336036320.000,            0 
336036320.000, 336536368.000, 337036416.000,            0 
337036416.000, 337536480.000, 338036544.000,            0 
338036544.000, 338536592.000, 339036640.000,            0 
339036640.000, 339536704.000, 340036768.000,            0 
340036768.000, 340536816.000, 341036864.000,            0 
341036864.000, 341536912.000, 342036960.000,            0 
342036960.000, 342537024.000, 343037088.000,            0 
343037088.000, 343537136.000, 344037184.000,            0 
344037184.000, 344537232.000, 345037280.000,            0 
345037280.000, 345537344.000, 346037408.000,            0 
346037408.000, 346537456.000, 347037504.000,            0 
347037504.000, 347537568.000, 348037632.000,            0 
348037632.000, 348537680.000, 349037728.000,            0 
349037728.000, 349537776.000, 350037824.000,            0 
350037824.000, 350537888.000, 351037952.000,            0 
351037952.000, 351538000.000, 352038048.000,            0 
352038048.000, 352538096.000, 353038144.000,            0 
353038144.000, 353538208.000, 354038272.000,            0 
354038272.000, 354538320.000, 355038368.000,            0 
355038368.000, 355538432.000, 356038496.000,            0 
356038496.000, 356538544.000, 357038592.000,            0 
357038592.000, 357538640.000, 358038688.000,            0 
358038688.000, 358538752.000, 359038816.000,            0 
359038816.000, 359538864.000, 360038912.000,            0 
360038912.000, 360538960.000, 361039008.000,            0 
361039008.000, 361539072.000, 362039136.000,            0 
362039136.000, 362539184.000, 363039232.000,            0 
363039232.000, 363539296.000, 364039360.000,            0 
364039360.000, 364539408.000, 365039456.000,            0 
365039456.000, 365539504.000, 366039552.000,            0 
366039552.000, 366539616.000, 367039680.000,            0 
367039680.000, 367539728.000, 368039776.000,            0 
368039776.000, 368539824.000, 369039872.000,            0 
369039872.000, 369539936.000, 370040000.000,            0 
370040000.000, 370540048.000, 371040096.000,            0 
371040096.000, 371540160.000, 372040224.000,            0 
372040224.000, 372540272.000, 373040320.000,            0 
373040320.000, 373540368.000, 374040416.000,            0 
374040416.000, 374540480.000, 375040544.000,            0 
375040544.000, 375540592.000, 376040640.000,            0 
376040640.000, 376540704.000, 377040768.000,            0 
377040768.000, 377540816.000, 378040864.000,            0 
378040864.000, 378540912.000, 379040960.000,            0 
379040960.000, 379541024.000, 380041088.000,            0 
380041088.000, 380541136.000, 381041184.000,            0 
381041184.000, 381541232.000, 382041280.000,            0 
382041280.000, 382541344.000, 383041408.000,            0 
383041408.000, 383541456.000, 384041504.000,            0 
384041504.000, 384541568.000, 385041632.000,            0 
385041632.000, 385541680.000, 386041728.000,            0 
386041728.000, 386541776.000, 387041824.000,            0 
387041824.000, 387541888.000, 388041952.000,            0 
388041952.000, 388542000.000, 389042048.000,            0 
389042048.000, 389542096.000, 390042144.000,            0 
390042144.000, 390542208.000, 391042272.000,            0 
391042272.000, 391542320.000, 392042368.000,            0 
392042368.000, 392542432.000, 393042496.000,            0 
393042496.000, 393542544.000, 394042592.000,            0 
394042592.000, 394542640.000, 395042688.000,            0 
395042688.000, 395542752.000, 396042816.000,            0 
396042816.000, 396542864.000, 397042912.000,            0 
397042912.000, 397542960.000, 398043008.000,            0 
398043008.000, 398543072.000, 399043136.000,            0 
399043136.000, 399543184.000, 400043232.000,            0 
400043232.000, 400543296.000, 401043360.000,            0 
401043360.000, 401543408.000, 402043456.000,            0 
402043456.000, 402543504.000, 403043552.000,            0 
403043552.000, 403543616.000, 404043680.000,            0 
404043680.000, 404543728.000, 405043776.000,            0 
405043776.000, 405543824.000, 406043872.000,            0 
406043872.000, 406543936.000, 407044000.000,            0 
407044000.000, 407544048.000, 408044096.000,            0 
408044096.000, 408544160.000, 409044224.000,            0 
409044224.000, 409544272.000, 410044320.000,            0 
410044320.000, 410544368.000, 411044416.000,            0 
411044416.000, 411544480.000, 412044544.000,            0 
412044544.000, 412544592.000, 413044640.000,            0 
413044640.000, 413544688.000, 414044736.000,            0 
414044736.000, 414544800.000, 415044864.000,            0 
415044864.000, 415544912.000, 416044960.000,            0 
416044960.000, 416545024.000, 417045088.000,            0 
417045088.000, 417545136.000, 418045184.000,            0 
418045184.000, 418545232.000, 419045280.000,            0 
419045280.000, 419545344.000, 420045408.000,            0 
420045408.000, 420545456.000, 421045504.000,            0 
421045504.000, 421545568.000, 422045632.000,            0 
422045632.000, 422545680.000, 423045728.000,            0 
423045728.000, 423545776.000, 424045824.000,            0 
424045824.000, 424545888.000, 425045952.000,            0 
425045952.000, 425546000.000, 426046048.000,            0 
426046048.000, 426546096.000, 427046144.000,            0 
427046144.000, 427546208.000, 428046272.000,            0 
428046272.000, 428546320.000, 429046368.000,            0 
429046368.000, 429546432.000, 430046496.000,            0 
430046496.000, 430546544.000, 431046592.000,            0 
431046592.000, 431546640.000, 432046688.000,            0 
432046688.000, 432546752.000, 433046816.000,            0 
433046816.000, 433546864.000, 434046912.000,            0 
434046912.000, 434546960.000, 435047008.000,            0 
435047008.000, 435547072.000, 436047136.000,            0 
436047136.000, 436547184.000, 437047232.000,            0 
437047232.000, 437547296.000, 438047360.000,            0 
438047360.000, 438547408.000, 439047456.000,            0 
439047456.000, 439547504.000, 440047552.000,            0 
440047552.000, 440547616.000, 441047680.000,            0 
441047680.000, 441547728.000, 442047776.000,            0 
442047776.000, 442547824.000, 443047872.000,            0 
443047872.000, 443547936.000, 444048000.000,            0 
444048000.000, 444548048.000, 445048096.000,            0 
445048096.000, 445548160.000, 446048224.000,            0 
446048224.000, 446548272.000, 447048320.000,            0 
447048320.000, 447548368.000, 448048416.000,            0 
448048416.000, 448548480.000, 449048544.000,            0 
449048544.000, 449548592.000, 450048640.000,            0 
450048640.000, 450548688.000, 451048736.000,            0 
451048736.000, 451548800.000, 452048864.000,            0 
452048864.000, 452548912.000, 453048960.000,            0 
453048960.000, 453549024.000, 454049088.000,            0 
454049088.000, 454549136.000, 455049184.000,            0 
455049184.000, 455549232.000, 456049280.000,            0 
456049280.000, 456549344.000, 457049408.000,            0 
457049408.000, 457549456.000, 458049504.000,            0 
458049504.000, 458549568.000, 459049632.000,            0 
459049632.000, 459549680.000, 460049728.000,            0 
460049728.000, 460549776.000, 461049824.000,            0 
461049824.000, 461549888.000, 462049952.000,            0 
462049952.000, 462550000.000, 463050048.000,            0 
463050048.000, 463550096.000, 464050144.000,            0 
464050144.000, 464550208.000, 465050272.000,            0 
465050272.000, 465550320.000, 466050368.000,            0 
466050368.000, 466550432.000, 467050496.000,            0 
467050496.000, 467550544.000, 468050592.000,            0 
468050592.000, 468550640.000, 469050688.000,            0 
469050688.000, 469550752.000, 470050816.000,            0 
470050816.000, 470550864.000, 471050912.000,            0 
471050912.000, 471550960.000, 472051008.000,            0 
472051008.000, 472551072.000, 473051136.000,            0 
473051136.000, 473551184.000, 474051232.000,            0 
474051232.000, 474551296.000, 475051360.000,            0 
475051360.000, 475551408.000, 476051456.000,            0 
476051456.000, 476551504.000, 477051552.000,            0 
477051552.000, 477551616.000, 478051680.000,            0 
478051680.000, 478551728.000, 479051776.000,            0 
479051776.000, 479551824.000, 480051872.000,            0 
480051872.000, 480551936.000, 481052000.000,            0 
481052000.000, 481552048.000, 482052096.000,            0 
482052096.000, 482552160.000, 483052224.000,            0 
483052224.000, 483552272.000, 484052320.000,            0 
484052320.000, 484552368.000, 485052416.000,            0 
485052416.000, 485552480.000, 486052544.000,            0 
486052544.000, 486552592.000, 487052640.000,            0 
487052640.000, 487552688.000, 488052736.000,            0 
488052736.000, 488552800.000, 489052864.000,            0 
489052864.000, 489552912.000, 490052960.000,            0 
490052960.000, 490553024.000, 491053088.000,            0 
491053088.000, 491553136.000, 492053184.000,            0 
492053184.000, 492553232.000, 493053280.000,            0 
493053280.000, 493553344.000, 494053408.000,            0 
494053408.000, 494553456.000, 495053504.000,            0 
495053504.000, 495553552.000, 496053600.000,            0 
496053600.000, 496553664.000, 497053728.000,            0 
497053728.000, 497553776.000, 498053824.000,            0 
498053824.000, 498553888.000, 499053952.000,            0 
499053952.000, 499554000.000, 500054048.000,            0 
500054048.000, 500554096.000, 501054144.000,            0 
501054144.000, 501554208.000, 502054272.000,            0 
502054272.000, 502554320.000, 503054368.000,            0 
503054368.000, 503554432.000, 504054496.000,            0 
504054496.000, 504554544.000, 505054592.000,            0 
505054592.000, 505554640.000, 506054688.000,            0 
506054688.000, 506554752.000, 507054816.000,            0 
507054816.000, 507554864.000, 508054912.000,            0 
508054912.000, 508554960.000, 509055008.000,            0 
509055008.000, 509555072.000, 510055136.000,            0 
510055136.000, 510555184.000, 511055232.000,            0 
511055232.000, 511555296.000, 512055360.000,            0 
512055360.000, 512555408.000, 513055456.000,            0 
513055456.000, 513555504.000, 514055552.000,            0 
514055552.000, 514555616.000, 515055680.000,            0 
515055680.000, 515555728.000, 516055776.000,            0 
516055776.000, 516555824.000, 517055872.000,            0 
517055872.000, 517555936.000, 518056000.000,            0 
518056000.000, 518556048.000, 519056096.000,            0 
519056096.000, 519556160.000, 520056224.000,            0 
520056224.000, 520556272.000, 521056320.000,            0 
521056320.000, 521556368.000, 522056416.000,            0 
522056416.000, 522556480.000, 523056544.000,            0 
523056544.000, 523556592.000, 524056640.000,            0 
524056640.000, 524556688.000, 525056736.000,            0 
525056736.000, 525556800.000, 526056864.000,            0 
526056864.000, 526556912.000, 527056960.000,            0 
527056960.000, 527557024.000, 528057088.000,            0 
528057088.000, 528557136.000, 529057184.000,            0 
529057184.000, 529557232.000, 530057280.000,            0 
530057280.000, 530557344.000, 531057408.000,            0 
531057408.000, 531557456.000, 532057504.000,            0 
532057504.000, 532557552.000, 533057600.000,            0 
533057600.000, 533557664.000, 534057728.000,            0 
534057728.000, 534557776.000, 535057824.000,            0 
535057824.000, 535557888.000, 536057952.000,            0 
536057952.000, 536558000.000, 537058048.000,            0 
537058048.000, 537558112.000, 538058176.000,            0 
538058176.000, 538558208.000, 539058240.000,            0 
539058240.000, 539558304.000, 540058368.000,            0 
540058368.000, 540558432.000, 541058496.000,            0 
541058496.000, 541558528.000, 542058560.000,            0 
542058560.000, 542558624.000, 543058688.000,            0 
543058688.000, 543558752.000, 544058816.000,            0 
544058816.000, 544558880.000, 545058944.000,            0 
545058944.000, 545558976.000, 546059008.000,            0 
546059008.000, 546559072.000, 547059136.000,            0 
547059136.000, 547559200.000, 548059264.000,            0 
548059264.000, 548559296.000, 549059328.000,            0 
549059328.000, 549559392.000, 550059456.000,            0 
550059456.000, 550559520.000, 551059584.000,            0 
551059584.000, 551559616.000, 552059648.000,            0 
552059648.000, 552559712.000, 553059776.000,            0 
553059776.000, 553559840.000, 554059904.000,            0 
554059904.000, 554559936.000, 555059968.000,            0 
555059968.000, 555560032.000, 556060096.000,            0 
556060096.000, 556560160.000, 557060224.000,            0 
557060224.000, 557560256.000, 558060288.000,            0 
558060288.000, 558560352.000, 559060416.000,            0 
559060416.000, 559560480.000, 560060544.000,            0 
560060544.000, 560560608.000, 561060672.000,            0 
561060672.000, 561560704.000, 562060736.000,            0 
562060736.000, 562560800.000, 563060864.000,            0 
563060864.000, 563560928.000, 564060992.000,            0 
564060992.000, 564561024.000, 565061056.000,            0 
565061056.000, 565561120.000, 566061184.000,            0 
566061184.000, 566561248.000, 567061312.000,            0 
567061312.000, 567561344.000, 568061376.000,            0 
568061376.000, 568561440.000, 569061504.000,            0 
569061504.000, 569561568.000, 570061632.000,            0 
570061632.000, 570561664.000, 571061696.000,            0 
571061696.000, 571561760.000, 572061824.000,            0 
572061824.000, 572561888.000, 573061952.000,            0 
573061952.000, 573561984.000, 574062016.000,            0 
574062016.000, 574562080.000, 575062144.000,            0 
575062144.000, 575562208.000, 576062272.000,            0 
576062272.000, 576562336.000, 577062400.000,            0 
577062400.000, 577562432.000, 578062464.000,            0 
578062464.000, 578562528.000, 579062592.000,            0 
579062592.000, 579562656.000, 580062720.000,            0 
580062720.000, 580562752.000, 581062784.000,            0 
581062784.000, 581562848.000, 582062912.000,            0 
582062912.000, 582562976.000, 583063040.000,            0 
583063040.000, 583563072.000, 584063104.000,            0 
584063104.000, 584563168.000, 585063232.000,            0 
585063232.000, 585563296.000, 586063360.000,            0 
586063360.000, 586563392.000, 587063424.000,            0 
587063424.000, 587563488.000, 588063552.000,            0 
588063552.000, 588563616.000, 589063680.000,            0 
589063680.000, 589563744.000, 590063808.000,            0 
590063808.000, 590563840.000, 591063872.000,            0 
591063872.000, 591563936.000, 592064000.000,            0 
592064000.000, 592564064.000, 593064128.000,            0 
593064128.000, 593564160.000, 594064192.000,            0 
594064192.000, 594564256.000, 595064320.000,            0 
595064320.000, 595564384.000, 596064448.000,            0 
596064448.000, 596564480.000, 597064512.000,            0 
597064512.000, 597564576.000, 598064640.000,            0 
598064640.000, 598564704.000, 599064768.000,            0 
599064768.000, 599564800.000, 600064832.000,            0 
600064832.000, 600564896.000, 601064960.000,            0 
601064960.000, 601565024.000, 602065088.000,            0 
602065088.000, 602565120.000, 603065152.000,            0 
603065152.000, 603565216.000, 604065280.000,            0 
604065280.000, 604565344.000, 605065408.000,            0 
605065408.000, 605565472.000, 606065536.000,            0 
606065536.000, 606565568.000, 607065600.000,            0 
607065600.000, 607565664.000, 608065728.000,            0 
608065728.000, 608565792.000, 609065856.000,            0 
609065856.000, 609565888.000, 610065920.000,            0 
610065920.000, 610565984.000, 611066048.000,            0 
611066048.000, 611566112.000, 612066176.000,            0 
612066176.000, 612566208.000, 613066240.000,            0 
613066240.000, 613566304.000, 614066368.000,            0 
614066368.000, 614566432.000, 615066496.000,            0 
615066496.000, 615566528.000, 616066560.000,            0 
616066560.000, 616566624.000, 617066688.000,            0 
617066688.000, 617566752.000, 618066816.000,            0 
618066816.000, 618566848.000, 619066880.000,            0 
619066880.000, 619566944.000, 620067008.000,            0 
620067008.000, 620567072.000, 621067136.000,            0 
621067136.000, 621567200.000, 622067264.000,            0 
622067264.000, 622567296.000, 623067328.000,            0 
623067328.000, 623567392.000, 624067456.000,            0 
624067456.000, 624567520.000, 625067584.000,            0 
625067584.000, 625567616.000, 626067648.000,            0 
626067648.000, 626567712.000, 627067776.000,            0 
627067776.000, 627567840.000, 628067904.000,            0 
628067904.000, 628567936.000, 629067968.000,            0 
629067968.000, 629568032.000, 630068096.000,            0 
630068096.000, 630568160.000, 631068224.000,            0 
631068224.000, 631568256.000, 632068288.000,            0 
632068288.000, 632568352.000, 633068416.000,            0 
633068416.000, 633568480.000, 634068544.000,            0 
634068544.000, 634568608.000, 635068672.000,            0 
635068672.000, 635568704.000, 636068736.000,            0 
636068736.000, 636568800.000, 637068864.000,            0 
637068864.000, 637568928.000, 638068992.000,            0 
638068992.000, 638569024.000, 639069056.000,            0 
639069056.000, 639569120.000, 640069184.000,            0 
640069184.000, 640569248.000, 641069312.000,            0 
641069312.000, 641569344.000, 642069376.000,            0 
642069376.000, 642569440.000, 643069504.000,            0 
643069504.000, 643569568.000, 644069632.000,            0 
644069632.000, 644569664.000, 645069696.000,            0 
645069696.000, 645569760.000, 646069824.000,            0 
646069824.000, 646569888.000, 647069952.000,            0 
647069952.000, 647569984.000, 648070016.000,            0 
648070016.000, 648570080.000, 649070144.000,            0 
649070144.000, 649570208.000, 650070272.000,            0 
650070272.000, 650570336.000, 651070400.000,            0 
651070400.000, 651570432.000, 652070464.000,            0 
652070464.000, 652570528.000, 653070592.000,            0 
653070592.000, 653570656.000, 654070720.000,            0 
654070720.000, 654570752.000, 655070784.000,            0 
655070784.000, 655570848.000, 656070912.000,            0 
656070912.000, 656570976.000, 657071040.000,            0 
657071040.000, 657571072.000, 658071104.000,            0 
658071104.000, 658571168.000, 659071232.000,            0 
659071232.000, 659571296.000, 660071360.000,            0 
660071360.000, 660571392.000, 661071424.000,            0 
661071424.000, 661571488.000, 662071552.000,            0 
662071552.000, 662571616.000, 663071680.000,            0 
663071680.000, 663571712.000, 664071744.000,            0 
664071744.000, 664571808.000, 665071872.000,            0 
665071872.000, 665571936.000, 666072000.000,            0 
666072000.000, 666572064.000, 667072128.000,            0 
667072128.000, 667572160.000, 668072192.000,            0 
668072192.000, 668572256.000, 669072320.000,            0 
669072320.000, 669572384.000, 670072448.000,            0 
670072448.000, 670572480.000, 671072512.000,            0 
671072512.000, 671572576.000, 672072640.000,            0 
672072640.000, 672572704.000, 673072768.000,            0 
673072768.000, 673572800.000, 674072832.000,            0 
674072832.000, 674572896.000, 675072960.000,            0 
675072960.000, 675573024.000, 676073088.000,            0 
676073088.000, 676573120.000, 677073152.000,            0 
677073152.000, 677573216.000, 678073280.000,            0 
678073280.000, 678573344.000, 679073408.000,            0 
679073408.000, 679573472.000, 680073536.000,            0 
680073536.000, 680573568.000, 681073600.000,            0 
681073600.000, 681573664.000, 682073728.000,            0 
682073728.000, 682573792.000, 683073856.000,            0 
683073856.000, 683573888.000, 684073920.000,            0 
684073920.000, 684573984.000, 685074048.000,            0 
685074048.000, 685574112.000, 686074176.000,            0 
686074176.000, 686574208.000, 687074240.000,            0 
687074240.000, 687574304.000, 688074368.000,            0 
688074368.000, 688574432.000, 689074496.000,            0 
689074496.000, 689574528.000, 690074560.000,            0 
690074560.000, 690574624.000, 691074688.000,            0 
691074688.000, 691574752.000, 692074816.000,            0 
692074816.000, 692574848.000, 693074880.000,            0 
693074880.000, 693574944.000, 694075008.000,            0 
694075008.000, 694575072.000, 695075136.000,            0 
695075136.000, 695575200.000, 696075264.000,            0 
696075264.000, 696575296.000, 697075328.000,            0 
697075328.000, 697575392.000, 698075456.000,            0 
698075456.000, 698575520.000, 699075584.000,            0 
699075584.000, 699575616.000, 700075648.000,            0 
700075648.000, 700575712.000, 701075776.000,            0 
701075776.000, 701575840.000, 702075904.000,            0 
702075904.000, 702575936.000, 703075968.000,            0 
703075968.000, 703576032.000, 704076096.000,            0 
704076096.000, 704576160.000, 705076224.000,            0 
705076224.000, 705576256.000, 706076288.000,            0 
706076288.000, 706576352.000, 707076416.000,            0 
707076416.000, 707576480.000, 708076544.000,            0 
708076544.000, 708576608.000, 709076672.000,            0 
709076672.000, 709576704.000, 710076736.000,            0 
710076736.000, 710576800.000, 711076864.000,            0 
711076864.000, 711576928.000, 712076992.000,            0 
712076992.000, 712577024.000, 713077056.000,            0 
713077056.000, 713577120.000, 714077184.000,            0 
714077184.000, 714577248.000, 715077312.000,            0 
715077312.000, 715577344.000, 716077376.000,            0 
716077376.000, 716577440.000, 717077504.000,            0 
717077504.000, 717577568.000, 718077632.000,            0 
718077632.000, 718577664.000, 719077696.000,            0 
719077696.000, 719577760.000, 720077824.000,            0 
720077824.000, 720577888.000, 721077952.000,            0 
721077952.000, 721577984.000, 722078016.000,            0 
722078016.000, 722578080.000, 723078144.000,            0 
723078144.000, 723578208.000, 724078272.000,            0 
724078272.000, 724578336.000, 725078400.000,            0 
725078400.000, 725578432.000, 726078464.000,            0 
726078464.000, 726578528.000, 727078592.000,            0 
727078592.000, 727578656.000, 728078720.000,            0 
728078720.000, 728578752.000, 729078784.000,            0 
729078784.000, 729578848.000, 730078912.000,            0 
730078912.000, 730578976.000, 731079040.000,            0 
731079040.000, 731579072.000, 732079104.000,            0 
732079104.000, 732579168.000, 733079232.000,            0 
733079232.000, 733579296.000, 734079360.000,            0 
734079360.000, 734579392.000, 735079424.000,            0 
735079424.000, 735579488.000, 736079552.000,            0 
736079552.000, 736579616.000, 737079680.000,            0 
737079680.000, 737579712.000, 738079744.000,            0 
738079744.000, 738579808.000, 739079872.000,            0 
739079872.000, 739579936.000, 740080000.000,            0 
740080000.000, 740580064.000, 741080128.000,            0 
741080128.000, 741580160.000, 742080192.000,            0 
742080192.000, 742580256.000, 743080320.000,            0 
743080320.000, 743580384.000, 744080448.000,            0 
744080448.000, 744580480.000, 745080512.000,            0 
745080512.000, 745580576.000, 746080640.000,            0 
746080640.000, 746580704.000, 747080768.000,            0 
747080768.000, 747580800.000, 748080832.000,            0 
748080832.000, 748580896.000, 749080960.000,            0 
749080960.000, 749581024.000, 750081088.000,            0 
750081088.000, 750581120.000, 751081152.000,            0 
751081152.000, 751581216.000, 752081280.000,            0 
752081280.000, 752581344.000, 753081408.000,            0 
753081408.000, 753581472.000, 754081536.000,            0 
754081536.000, 754581568.000, 755081600.000,            0 
755081600.000, 755581664.000, 756081728.000,            0 
756081728.000, 756581792.000, 757081856.000,            0 
757081856.000, 757581888.000, 758081920.000,            0 
758081920.000, 758581984.000, 759082048.000,            0 
759082048.000, 759582112.000, 760082176.000,            0 
760082176.000, 760582208.000, 761082240.000,            0 
761082240.000, 761582304.000, 762082368.000,            0 
762082368.000, 762582432.000, 763082496.000,            0 
763082496.000, 763582528.000, 764082560.000,            0 
764082560.000, 764582624.000, 765082688.000,            0 
765082688.000, 765582752.000, 766082816.000,            0 
766082816.000, 766582848.000, 767082880.000,            0 
767082880.000, 767582944.000, 768083008.000,            0 
768083008.000, 768583072.000, 769083136.000,            0 
769083136.000, 769583200.000, 770083264.000,            0 
770083264.000, 770583296.000, 771083328.000,            0 
771083328.000, 771583392.000, 772083456.000,            0 
772083456.000, 772583520.000, 773083584.000,            0 
773083584.000, 773583616.000, 774083648.000,            0 
774083648.000, 774583712.000, 775083776.000,            0 
775083776.000, 775583840.000, 776083904.000,            0 
776083904.000, 776583936.000, 777083968.000,            0 
777083968.000, 777584032.000, 778084096.000,            0 
778084096.000, 778584160.000, 779084224.000,            0 
779084224.000, 779584256.000, 780084288.000,            0 
780084288.000, 780584352.000, 781084416.000,            0 
781084416.000, 781584480.000, 782084544.000,            0 
782084544.000, 782584576.000, 783084608.000,            0 
783084608.000, 783584672.000, 784084736.000,            0 
784084736.000, 784584800.000, 785084864.000,            0 
785084864.000, 785584928.000, 786084992.000,            0 
786084992.000, 786585024.000, 787085056.000,            0 
787085056.000, 787585120.000, 788085184.000,            0 
788085184.000, 788585248.000, 789085312.000,            0 
789085312.000, 789585344.000, 790085376.000,            0 
790085376.000, 790585440.000, 791085504.000,            0 
791085504.000, 791585568.000, 792085632.000,            0 
792085632.000, 792585664.000, 793085696.000,            0 
793085696.000, 793585760.000, 794085824.000,            0 
794085824.000, 794585888.000, 795085952.000,            0 
795085952.000, 795585984.000, 796086016.000,            0 
796086016.000, 796586080.000, 797086144.000,            0 
797086144.000, 797586208.000, 798086272.000,            0 
798086272.000, 798586336.000, 799086400.000,            0 
799086400.000, 799586432.000, 800086464.000,            0 
800086464.000, 800586528.000, 801086592.000,            0 
801086592.000, 801586656.000, 802086720.000,            0 
802086720.000, 802586752.000, 803086784.000,            0 
803086784.000, 803586848.000, 804086912.000,            0 
804086912.000, 804586976.000, 805087040.000,            0 
805087040.000, 805587072.000, 806087104.000,            0 
806087104.000, 806587168.000, 807087232.000,            0 
807087232.000, 807587296.000, 808087360.000,            0 
808087360.000, 808587392.000, 809087424.000,            0 
809087424.000, 809587488.000, 810087552.000,            0 
810087552.000, 810587616.000, 811087680.000,            0 
811087680.000, 811587712.000, 812087744.000,            0 
812087744.000, 812587808.000, 813087872.000,            0 
813087872.000, 813587936.000, 814088000.000,            0 
814088000.000, 814588064.000, 815088128.000,            0 
815088128.000, 815588160.000, 816088192.000,            0 
816088192.000, 816588256.000, 817088320.000,            0 
817088320.000, 817588384.000, 818088448.000,            0 
818088448.000, 818588480.000, 819088512.000,            0 
819088512.000, 819588576.000, 820088640.000,            0 
820088640.000, 820588704.000, 821088768.000,            0 
821088768.000, 821588800.000, 822088832.000,            0 
822088832.000, 822588896.000, 823088960.000,            0 
823088960.000, 823589024.000, 824089088.000,            0 
824089088.000, 824589120.000, 825089152.000,            0 
825089152.000, 825589216.000, 826089280.000,            0 
826089280.000, 826589344.000, 827089408.000,            0 
827089408.000, 827589440.000, 828089472.000,            0 
828089472.000, 828589536.000, 829089600.000,            0 
829089600.000, 829589664.000, 830089728.000,            0 
830089728.000, 830589792.000, 831089856.000,            0 
831089856.000, 831589888.000, 832089920.000,            0 
832089920.000, 832589984.000, 833090048.000,            0 
833090048.000, 833590112.000, 834090176.000,            0 
834090176.000, 834590208.000, 835090240.000,            0 
835090240.000, 835590304.000, 836090368.000,            0 
836090368.000, 836590432.000, 837090496.000,            0 
837090496.000, 837590528.000, 838090560.000,            0 
838090560.000, 838590624.000, 839090688.000,            0 
839090688.000, 839590752.000, 840090816.000,            0 
840090816.000, 840590848.000, 841090880.000,            0 
841090880.000, 841590944.000, 842091008.000,            0 
842091008.000, 842591072.000, 843091136.000,            0 
843091136.000, 843591200.000, 844091264.000,            0 
844091264.000, 844591296.000, 845091328.000,            0 
845091328.000, 845591392.000, 846091456.000,            0 
846091456.000, 846591520.000, 847091584.000,            0 
847091584.000, 847591616.000, 848091648.000,            0 
848091648.000, 848591712.000, 849091776.000,            0 
849091776.000, 849591840.000, 850091904.000,            0 
850091904.000, 850591936.000, 851091968.000,            0 
851091968.000, 851592032.000, 852092096.000,            0 
852092096.000, 852592160.000, 853092224.000,            0 
853092224.000, 853592256.000, 854092288.000,            0 
854092288.000, 854592352.000, 855092416.000,            0 
855092416.000, 855592480.000, 856092544.000,            0 
856092544.000, 856592576.000, 857092608.000,            0 
857092608.000, 857592672.000, 858092736.000,            0 
858092736.000, 858592800.000, 859092864.000,            0 
859092864.000, 859592928.000, 860092992.000,            0 
860092992.000, 860593024.000, 861093056.000,            0 
861093056.000, 861593120.000, 862093184.000,            0 
862093184.000, 862593248.000, 863093312.000,            0 
863093312.000, 863593344.000, 864093376.000,            0 
864093376.000, 864593440.000, 865093504.000,            0 
865093504.000, 865593568.000, 866093632.000,            0 
866093632.000, 866593664.000, 867093696.000,            0 
867093696.000, 867593760.000, 868093824.000,            0 
868093824.000, 868593888.000, 869093952.000,            0 
869093952.000, 869593984.000, 870094016.000,            0 
870094016.000, 870594080.000, 871094144.000,            0 
871094144.000, 871594208.000, 872094272.000,            0 
872094272.000, 872594304.000, 873094336.000,            0 
873094336.000, 873594400.000, 874094464.000,            0 
874094464.000, 874594528.000, 875094592.000,            0 
875094592.000, 875594656.000, 876094720.000,            0 
876094720.000, 876594752.000, 877094784.000,            0 
877094784.000, 877594848.000, 878094912.000,            0 
878094912.000, 878594976.000, 879095040.000,            0 
879095040.000, 879595072.000, 880095104.000,            0 
880095104.000, 880595168.000, 881095232.000,            0 
881095232.000, 881595296.000, 882095360.000,            0 
882095360.000, 882595392.000, 883095424.000,            0 
883095424.000, 883595488.000, 884095552.000,            0 
884095552.000, 884595616.000, 885095680.000,            0 
885095680.000, 885595712.000, 886095744.000,            0 
886095744.000, 886595808.000, 887095872.000,            0 
887095872.000, 887595936.000, 888096000.000,            0 
888096000.000, 888596064.000, 889096128.000,            0 
889096128.000, 889596160.000, 890096192.000,            0 
890096192.000, 890596256.000, 891096320.000,            0 
891096320.000, 891596384.000, 892096448.000,            0 
892096448.000, 892596480.000, 893096512.000,            0 
893096512.000, 893596576.000, 894096640.000,            0 
894096640.000, 894596704.000, 895096768.000,            0 
895096768.000, 895596800.000, 896096832.000,            0 
896096832.000, 896596896.000, 897096960.000,            0 
897096960.000, 897597024.000, 898097088.000,            0 
898097088.000, 898597120.000, 899097152.000,            0 
899097152.000, 899597216.000, 900097280.000,            0 
900097280.000, 900597344.000, 901097408.000,            0 
901097408.000, 901597440.000, 902097472.000,            0 
902097472.000, 902597536.000, 903097600.000,            0 
903097600.000, 903597664.000, 904097728.000,            0 
904097728.000, 904597792.000, 905097856.000,            0 
905097856.000, 905597888.000, 906097920.000,            0 
906097920.000, 906597984.000, 907098048.000,            0 
907098048.000, 907598112.000, 908098176.000,            0 
908098176.000, 908598208.000, 909098240.000,            0 
909098240.000, 909598304.000, 910098368.000,            0 
910098368.000, 910598432.000, 911098496.000,            0 
911098496.000, 911598528.000, 912098560.000,            0 
912098560.000, 912598624.000, 913098688.000,            0 
913098688.000, 913598752.000, 914098816.000,            0 
914098816.000, 914598848.000, 915098880.000,            0 
915098880.000, 915598944.000, 916099008.000,            0 
916099008.000, 916599072.000, 917099136.000,            0 
917099136.000, 917599200.000, 918099264.000,            0 
918099264.000, 918599296.000, 919099328.000,            0 
919099328.000, 919599392.000, 920099456.000,            0 
920099456.000, 920599520.000, 921099584.000,            0 
921099584.000, 921599616.000, 922099648.000,            0 
922099648.000, 922599712.000, 923099776.000,            0 
923099776.000, 923599840.000, 924099904.000,            0 
924099904.000, 924599936.000, 925099968.000,            0 
925099968.000, 925600032.000, 926100096.000,            0 
926100096.000, 926600160.000, 927100224.000,            0 
927100224.000, 927600256.000, 928100288.000,            0 
928100288.000, 928600352.000, 929100416.000,            0 
929100416.000, 929600480.000, 930100544.000,            0 
930100544.000, 930600576.000, 931100608.000,            0 
931100608.000, 931600672.000, 932100736.000,            0 
932100736.000, 932600800.000, 933100864.000,            0 
933100864.000, 933600928.000, 934100992.000,            0 
934100992.000, 934601024.000, 935101056.000,            0 
935101056.000, 935601120.000, 936101184.000,            0 
936101184.000, 936601248.000, 937101312.000,            0 
937101312.000, 937601344.000, 938101376.000,            0 
938101376.000, 938601440.000, 939101504.000,            0 
939101504.000, 939601568.000, 940101632.000,            0 
940101632.000, 940601664.000, 941101696.000,            0 
941101696.000, 941601760.000, 942101824.000,            0 
942101824.000, 942601888.000, 943101952.000,            0 
943101952.000, 943601984.000, 944102016.000,            0 
944102016.000, 944602080.000, 945102144.000,            0 
945102144.000, 945602208.000, 946102272.000,            0 
946102272.000, 946602304.000, 947102336.000,            0 
947102336.000, 947602400.000, 948102464.000,            0 
948102464.000, 948602528.000, 949102592.000,            0 
949102592.000, 949602656.000, 950102720.000,            0 
950102720.000, 950602752.000, 951102784.000,            0 
951102784.000, 951602848.000, 952102912.000,            0 
952102912.000, 952602976.000, 953103040.000,            0 
953103040.000, 953603072.000, 954103104.000,            0 
954103104.000, 954603168.000, 955103232.000,            0 
955103232.000, 955603296.000, 956103360.000,            0 
956103360.000, 956603392.000, 957103424.000,            0 
957103424.000, 957603488.000, 958103552.000,            0 
958103552.000, 958603616.000, 959103680.000,            0 
959103680.000, 959603712.000, 960103744.000,            0 
960103744.000, 960603808.000, 961103872.000,            0 
961103872.000, 961603936.000, 962104000.000,            0 
962104000.000, 962604064.000, 963104128.000,            0 
963104128.000, 963604160.000, 964104192.000,            0 
964104192.000, 964604256.000, 965104320.000,            0 
965104320.000, 965604384.000, 966104448.000,            0 
966104448.000, 966604480.000, 967104512.000,            0 
967104512.000, 967604576.000, 968104640.000,            0 
968104640.000, 968604704.000, 969104768.000,            0 
969104768.000, 969604800.000, 970104832.000,            0 
970104832.000, 970604896.000, 971104960.000,            0 
971104960.000, 971605024.000, 972105088.000,            0 
972105088.000, 972605120.000, 973105152.000,            0 
973105152.000, 973605216.000, 974105280.000,            0 
974105280.000, 974605344.000, 975105408.000,            0 
975105408.000, 975605440.000, 976105472.000,            0 
976105472.000, 976605536.000, 977105600.000,            0 
977105600.000, 977605664.000, 978105728.000,            0 
978105728.000, 978605792.000, 979105856.000,            0 
979105856.000, 979605888.000, 980105920.000,            0 
980105920.000, 980605984.000, 981106048.000,            0 
981106048.000, 981606112.000, 982106176.000,            0 
982106176.000, 982606208.000, 983106240.000,            0 
983106240.000, 983606304.000, 984106368.000,            0 
984106368.000, 984606432.000, 985106496.000,            0 
985106496.000, 985606528.000, 986106560.000,            0 
986106560.000, 986606624.000, 987106688.000,            0 
987106688.000, 987606752.000, 988106816.000,            0 
988106816.000, 988606848.000, 989106880.000,            0 
989106880.000, 989606944.000, 990107008.000,            0 
990107008.000, 990607072.000, 991107136.000,            0 
991107136.000, 991607168.000, 992107200.000,            0 
992107200.000, 992607264.000, 993107328.000,            0 
993107328.000, 993607392.000, 994107456.000,            0 
994107456.000, 994607520.000, 995107584.000,            0 
995107584.000, 995607616.000, 996107648.000,            0 
996107648.000, 996607712.000, 997107776.000,            0 
997107776.000, 997607840.000, 998107904.000,            0 
998107904.000, 998607936.000, 999107968.000,            0 
999107968.000, 999608032.000, 1000108096.000,            0 
